[gd_scene load_steps=22 format=4 uid="uid://cfcnfytpmkk2r"]

[ext_resource type="PackedScene" uid="uid://ddoq3ly1gal7p" path="res://Scenes/objects/door.tscn" id="1_cicj3"]
[ext_resource type="Texture2D" uid="uid://c3xwbflrkkekw" path="res://Graphics/Models/scenery/Kenney-Prototype/Textures/colormap.png" id="1_ra6av"]
[ext_resource type="PackedScene" uid="uid://bqiy0i8hs2sds" path="res://Graphics/Models/scenery/Kenney-Prototype/stairs-diagonal.glb" id="2_m8isq"]
[ext_resource type="PackedScene" uid="uid://bwuhe8d2c7xau" path="res://Scenes/objects/player.tscn" id="4_5qxfe"]
[ext_resource type="PackedScene" uid="uid://cwtf56duv83jk" path="res://Graphics/Models/scenery/Temp/temp_table2x1.tscn" id="4_etcwg"]

[sub_resource type="ProceduralSkyMaterial" id="ProceduralSkyMaterial_kec8n"]
sky_top_color = Color(0.0525557, 0.176422, 0.264432, 1)
sky_horizon_color = Color(0.563139, 0.586356, 0.599358, 1)
ground_horizon_color = Color(0.563139, 0.586356, 0.599358, 1)

[sub_resource type="Sky" id="Sky_7i0pj"]
sky_material = SubResource("ProceduralSkyMaterial_kec8n")

[sub_resource type="Environment" id="Environment_y2nrf"]
background_mode = 2
sky = SubResource("Sky_7i0pj")
tonemap_mode = 2

[sub_resource type="StandardMaterial3D" id="StandardMaterial3D_e2l3n"]
resource_name = "colormap"
cull_mode = 2
albedo_texture = ExtResource("1_ra6av")
texture_filter = 2

[sub_resource type="ArrayMesh" id="ArrayMesh_p4wj8"]
_surfaces = [{
"aabb": AABB(-0.5, 0, -0.5, 1, 1e-05, 1),
"format": 34896613377,
"index_count": 96,
"index_data": PackedByteArray("AgAAAAEAAQADAAIABQAEAAIAAgAGAAUACAADAAcABgAIAAkACQAKAAYABwALAAgADQAMAAoACgAOAA0ACwAPABAAEAARAAsAEgAJABEAEQATABIABwAUABUAFQAWAAcABAAXAAAAAAACAAQAGQACABgAGAAaABkADAAbABkAGQAKAAwAGAAcABQAFAAHABgADgAKAB0AHQAeAA4AEQAdABoAGgAfABEAHwAHABYAFgAgAB8AEwARABAAEAAhABMA"),
"name": "colormap",
"primitive": 3,
"uv_scale": Vector4(0, 0, 0, 0),
"vertex_count": 34,
"vertex_data": PackedByteArray("//8AAP8/AAD//wAA/38AAP+/AAD/PwAA/78AAP9/AAD/vwAAAAAAAP9/AAAAAAAA/38AAP8/AAD/vwAA/78AAP9/AAD/fwAA/z8AAP9/AAD/PwAA/z8AAP9/AAD/vwAA/z8AAAAAAAAAAAAAAAAAAAAAAAD/PwAA/38AAP//AAD/PwAA//8AAP8/AAD/vwAAAAAAAP9/AAAAAAAA/78AAP//AAD/vwAA//8AAP//AAD/vwAA//8AAP//AAAAAAAA/78AAP9/AAD/fwAA/z8AAP9/AAD/fwAA/38AAAAAAAD//wAA/38AAP8/AAD/fwAAAAAAAP9/AAD/fwAA/78AAP9/AAD//wAAAAAAAP//AAA=")
}]
blend_shape_mode = 0

[sub_resource type="ArrayMesh" id="ArrayMesh_va57s"]
resource_name = "floor-small-square_floor-small-square"
_surfaces = [{
"aabb": AABB(-0.5, 0, -0.5, 1, 1e-05, 1),
"attribute_data": PackedByteArray("/3eY+f93mPn/d5j5/3eY+f93mPn/d5j5/3eY+f93mPn/d5j5/3eY+f93mPn/d5j5/3eY+f93mPn/d5j5/3eY+f93mPn/d5j5/3eY+f93mPn/d5j5/3eY+f93mPn/d8vs/3fL7P93y+z/d8vs/3fL7P93y+z/d8vs/3fL7P93y+z/d8vs/3fL7P93y+z/d8vs/3fL7P93y+z/d8vs/3fL7P93y+z/d8vs/3fL7P93y+z/d8vs/3fL7A=="),
"format": 34896613399,
"index_count": 96,
"index_data": PackedByteArray("AgAAAAEAAQADAAIABQAEAAIAAgAGAAUACAADAAcABgAIAAkACQAKAAYABwALAAgADQAMAAoACgAOAA0ACwAPABAAEAARAAsAEgAJABEAEQATABIABwAUABUAFQAWAAcAGQAXABgAGAAaABkAHAAaABsAGwAdABwAHwAeABwAHAAgAB8AGwAhACIAIgAjABsAJQAgACQAJAAmACUAJwAkAB0AHQAoACcAKAAjACkAKQAqACgALAAnACsAKwAtACwA"),
"material": SubResource("StandardMaterial3D_e2l3n"),
"name": "colormap",
"primitive": 3,
"uv_scale": Vector4(0, 0, 0, 0),
"vertex_count": 46,
"vertex_data": PackedByteArray("//8AAP8//////wAA/3////+/AAD/P////78AAP9/////vwAAAAD///9/AAAAAP///38AAP8/////vwAA/7////9/AAD/f////z8AAP9/////PwAA/z////9/AAD/v////z8AAAAA//8AAAAAAAD//wAAAAD/P////38AAP//////PwAA//////8/AAD/v///AAAAAP9///8AAAAA/7//////AAD/v/////8AAP//////vwAA////////AAAAAP////8AAP8/////vwAAAAD///+/AAD/P////78AAP9/////fwAA/z////9/AAD/f////38AAAAA////PwAAAAD///8/AAD/P/////8AAP9//////wAA/7////+/AAD/v////z8AAP9///8AAAAA/z///wAAAAD/f////z8AAP+/////fwAA/7////+/AAD//////38AAP//////PwAA/////wAAAAD/v///AAAAAP//////f/+//3//v/9//7//f/+//3//v/9//7//f/+//3//v/9//7//f/+//3//v/9//7//f/+//3//v/9//7//f/+//3//v/9//7//f/+//3//v/9//7//f/+//3//v/9//7//f/+//3//v/9//7//f/+//3//v/9//7//f/+//3//v/9//7//f/+//3//v/9//7//f/+//3//v/9//7//f/+//3//v/9//7//f/+//3//v/9//7//f/+/")
}]
blend_shape_mode = 0
shadow_mesh = SubResource("ArrayMesh_p4wj8")

[sub_resource type="BoxShape3D" id="BoxShape3D_p04nv"]
size = Vector3(12, 0, 7)

[sub_resource type="BoxShape3D" id="BoxShape3D_mjtdj"]
size = Vector3(4.24, 0, 1)

[sub_resource type="StandardMaterial3D" id="StandardMaterial3D_vnjdr"]
resource_name = "colormap"
cull_mode = 2
albedo_texture = ExtResource("1_ra6av")
texture_filter = 2

[sub_resource type="ArrayMesh" id="ArrayMesh_syykn"]
_surfaces = [{
"aabb": AABB(-0.1, 0, -0.5, 0.2, 1, 1),
"format": 34896613377,
"index_count": 36,
"index_data": PackedByteArray("AgAAAAEAAQADAAIABQAEAAEAAQAAAAUABgAEAAUABQAHAAYAAgADAAYABgAHAAIABgADAAEAAQAEAAYABQAAAAIAAgAHAAUA"),
"name": "colormap",
"primitive": 3,
"uv_scale": Vector4(0, 0, 0, 0),
"vertex_count": 8,
"vertex_data": PackedByteArray("/////wAAAAD//wAAAAAAAP///////wAA//8AAP//AAAAAAAAAAAAAAAA//8AAAAAAAAAAP//AAAAAP////8AAA==")
}]
blend_shape_mode = 0

[sub_resource type="ArrayMesh" id="ArrayMesh_v0ct7"]
resource_name = "wall_wall"
_surfaces = [{
"aabb": AABB(-0.1, 0, -0.5, 0.2, 1, 1),
"attribute_data": PackedByteArray("/3dlxv93mPn/d2XG/3eY+f93mPn/d5j5/3dlxv93Zcb/d5j5/3dlxv93mPn/d2XG/3eY+f93mPn/d2XG/3dlxv93mPn/d5j5/3eY+f93mPn/d2XG/3dlxv93Zcb/d2XG"),
"format": 34896613399,
"index_count": 36,
"index_data": PackedByteArray("AgAAAAEAAQADAAIABgAEAAUABQAHAAYACgAIAAkACQALAAoADgAMAA0ADQAPAA4AEgAQABEAEQATABIAFgAUABUAFQAXABYA"),
"material": SubResource("StandardMaterial3D_vnjdr"),
"name": "colormap",
"primitive": 3,
"uv_scale": Vector4(0, 0, 0, 0),
"vertex_count": 24,
"vertex_data": PackedByteArray("/////wAA/7///wAAAAD/v/////////+///8AAP///78AAAAAAAD/////AAAAAP//AAD//wAA////////AAD//wAAAAAAAP+/AAD//wAA/78AAAAA////vwAA//////+///8AAP//AIAAAAAA//8AgP///////wCAAAD/////AID//wAA////v///AAAAAP+/AAAAAP///78AAAAAAAD/v/////8AAP////////////8AAP//AAD//wAA/////////38AAP9/AAD/fwAA/38AAP9/////f////3////9/////f////3////9/////f////3////9/////f////3///wAA/38AAP9/AAD/fwAA/3//f/+//3//v/9//7//f/+/")
}]
blend_shape_mode = 0
shadow_mesh = SubResource("ArrayMesh_syykn")

[sub_resource type="ConvexPolygonShape3D" id="ConvexPolygonShape3D_2ta7m"]
points = PackedVector3Array(0.1, 1, 0.5, -0.1, 1, 0.5, 0.1, 0, 0.5, 0.1, 1, -0.5, -0.1, 1, -0.5, -0.1, 0, 0.5, 0.1, 0, -0.5, -0.1, 0, -0.5)

[sub_resource type="StandardMaterial3D" id="StandardMaterial3D_mikhq"]
albedo_color = Color(0.3654, 0.49329, 0.63, 1)

[sub_resource type="BoxMesh" id="BoxMesh_j0wuo"]
material = SubResource("StandardMaterial3D_mikhq")
size = Vector3(0.45, 1.85, 0.5)

[sub_resource type="CylinderMesh" id="CylinderMesh_tagc4"]
top_radius = 0.25
bottom_radius = 0.25
height = 12.0

[sub_resource type="CylinderMesh" id="CylinderMesh_ms4f7"]
top_radius = 0.25
bottom_radius = 0.25
height = 1.0

[node name="GM025_GeneratorB1" type="Node3D"]

[node name="WorldEnvironment" type="WorldEnvironment" parent="."]
environment = SubResource("Environment_y2nrf")

[node name="Doors" type="Node3D" parent="."]

[node name="ToMachinery" parent="Doors" instance=ExtResource("1_cicj3")]
transform = Transform3D(1, 0, 0, 0, 1, 0, 0, 0, 1, -2, 0, -2.9)
GoToScene = 24
NewSceneXYZ = Vector3(-1, 0, 7.4)
NewSceneRotate = Vector3(0, 180, 0)

[node name="MeshInstance3D" parent="Doors/ToMachinery" index="2"]
transform = Transform3D(2, 0, 0, 0, 1, 0, 0, 0, 1, 0, 1, 0)

[node name="ToHallway" parent="Doors" instance=ExtResource("1_cicj3")]
transform = Transform3D(-4.37114e-08, 0, 1, 0, 1, 0, -1, 0, -4.37114e-08, -5.9, 0, 1)
GoToScene = 26
NewSceneXYZ = Vector3(0.4, 0, 1)
NewSceneRotate = Vector3(0, -90, 0)

[node name="MeshInstance3D" parent="Doors/ToHallway" index="2"]
transform = Transform3D(2, 0, 0, 0, 1, 0, 0, 0, 1, 0, 1, 0)

[node name="ToEngineer" parent="Doors" instance=ExtResource("1_cicj3")]
transform = Transform3D(-1, 0, 8.74228e-08, 0, 1, 0, -8.74228e-08, 0, -1, -3.5, 0, 3.9)
GoToScene = 27
NewSceneXYZ = Vector3(1.5, 0, -2.4)

[node name="ViewChangers" type="Node3D" parent="."]

[node name="Cameras" type="Node3D" parent="."]

[node name="Camera3D" type="Camera3D" parent="Cameras"]
transform = Transform3D(0.631292, 0.378409, -0.676962, 0, 0.872885, 0.487927, 0.775545, -0.308024, 0.551045, -5.70917, 2.29279, 3.58671)

[node name="Prototype" type="Node3D" parent="."]

[node name="floor-small-square" type="StaticBody3D" parent="Prototype"]
transform = Transform3D(1, 0, 0, 0, 1, 0, 0, 0, 1, 0, 0, 0.5)
collision_layer = 4
collision_mask = 33

[node name="floor-small-square" type="MeshInstance3D" parent="Prototype/floor-small-square"]
transform = Transform3D(12, 0, 0, 0, 1, 0, 0, 0, 7, 0, 0, 0)
mesh = SubResource("ArrayMesh_va57s")
skeleton = NodePath("")

[node name="CollisionShape3D" type="CollisionShape3D" parent="Prototype/floor-small-square"]
shape = SubResource("BoxShape3D_p04nv")

[node name="floor-small-square2" type="StaticBody3D" parent="Prototype"]
transform = Transform3D(0.707107, -0.707107, 0, 0.707107, 0.707107, 0, 0, 0, 1, 1.5, 1.5, 3.5)
collision_layer = 4
collision_mask = 33

[node name="floor-small-square" type="MeshInstance3D" parent="Prototype/floor-small-square2"]
transform = Transform3D(4.24, 0, 0, 0, 1, 0, 0, 0, 1, 0, 0, 0)
mesh = SubResource("ArrayMesh_va57s")
skeleton = NodePath("")

[node name="CollisionShape3D" type="CollisionShape3D" parent="Prototype/floor-small-square2"]
shape = SubResource("BoxShape3D_mjtdj")

[node name="wall" type="StaticBody3D" parent="Prototype"]
transform = Transform3D(-4.37114e-08, 0, -12, 0, 2.5, 0, 1, 0, -5.24537e-07, 0, 0, -3)
collision_layer = 8
collision_mask = 33

[node name="wall" type="MeshInstance3D" parent="Prototype/wall"]
mesh = SubResource("ArrayMesh_v0ct7")
skeleton = NodePath("")

[node name="CollisionShape3D" type="CollisionShape3D" parent="Prototype/wall"]
shape = SubResource("ConvexPolygonShape3D_2ta7m")

[node name="wall2" type="StaticBody3D" parent="Prototype"]
transform = Transform3D(-4.37114e-08, 0, -12, 0, 2.5, 0, 1, 0, -5.24537e-07, 0, 0, 4)
collision_layer = 8
collision_mask = 33

[node name="wall" type="MeshInstance3D" parent="Prototype/wall2"]
mesh = SubResource("ArrayMesh_v0ct7")
skeleton = NodePath("")

[node name="CollisionShape3D" type="CollisionShape3D" parent="Prototype/wall2"]
shape = SubResource("ConvexPolygonShape3D_2ta7m")

[node name="wall3" type="StaticBody3D" parent="Prototype"]
transform = Transform3D(-1, 0, 1.05697e-06, 0, 2.5, 0, -1.50996e-07, 0, -7, 6, 0, 0.5)
collision_layer = 8
collision_mask = 33

[node name="wall" type="MeshInstance3D" parent="Prototype/wall3"]
mesh = SubResource("ArrayMesh_v0ct7")
skeleton = NodePath("")

[node name="CollisionShape3D" type="CollisionShape3D" parent="Prototype/wall3"]
shape = SubResource("ConvexPolygonShape3D_2ta7m")

[node name="wall4" type="StaticBody3D" parent="Prototype"]
transform = Transform3D(-1, 0, 1.05697e-06, 0, 2.5, 0, -1.50996e-07, 0, -7, -6, 0, 0.5)
collision_layer = 8
collision_mask = 33

[node name="wall" type="MeshInstance3D" parent="Prototype/wall4"]
mesh = SubResource("ArrayMesh_v0ct7")
skeleton = NodePath("")

[node name="CollisionShape3D" type="CollisionShape3D" parent="Prototype/wall4"]
shape = SubResource("ConvexPolygonShape3D_2ta7m")

[node name="stairs-diagonal2" parent="Prototype" instance=ExtResource("2_m8isq")]
transform = Transform3D(1, 0, 0, 0, 1, 0, 0, 0, 1, 2.5, 2, 3.5)

[node name="stairs-diagonal3" parent="Prototype" instance=ExtResource("2_m8isq")]
transform = Transform3D(1, 0, 0, 0, 1, 0, 0, 0, 1, 1.5, 1, 3.5)

[node name="stairs-diagonal4" parent="Prototype" instance=ExtResource("2_m8isq")]
transform = Transform3D(1, 0, 0, 0, 1, 0, 0, 0, 1, 0.5, 0, 3.5)

[node name="Railing" type="CSGCombiner3D" parent="Prototype"]
transform = Transform3D(1, 0, 0, 0, 1, 0, 0, 0, 1, 0, 0, 2.95)
use_collision = true
collision_layer = 8
collision_mask = 33

[node name="CSGBox3D" type="CSGBox3D" parent="Prototype/Railing"]
transform = Transform3D(1, 0, 0, 0, 1, 0, 0, 0, 1, -0.5, 0.5, 0)
size = Vector3(0.05, 1, 0.05)

[node name="CSGBox3D2" type="CSGBox3D" parent="Prototype/Railing"]
transform = Transform3D(1, 0, 0, 0, 1, 0, 0, 0, 1, 0, 0.5, 0)
size = Vector3(0.05, 1, 0.05)

[node name="CSGBox3D3" type="CSGBox3D" parent="Prototype/Railing"]
transform = Transform3D(1, 0, 0, 0, 1, 0, 0, 0, 1, 0.5, 1, 0)
size = Vector3(0.05, 1, 0.05)

[node name="CSGBox3D4" type="CSGBox3D" parent="Prototype/Railing"]
transform = Transform3D(1, 0, 0, 0, 1, 0, 0, 0, 1, 1, 1.5, 0)
size = Vector3(0.05, 1, 0.05)

[node name="CSGBox3D5" type="CSGBox3D" parent="Prototype/Railing"]
transform = Transform3D(1, 0, 0, 0, 1, 0, 0, 0, 1, 1.5, 2, 0)
size = Vector3(0.05, 1, 0.05)

[node name="CSGBox3D6" type="CSGBox3D" parent="Prototype/Railing"]
transform = Transform3D(1, 0, 0, 0, 1, 0, 0, 0, 1, 2, 2.5, 0)
size = Vector3(0.05, 1, 0.05)

[node name="CSGBox3D7" type="CSGBox3D" parent="Prototype/Railing"]
transform = Transform3D(-4.37114e-08, 1, 0, -1, -4.37114e-08, 0, 0, 0, 1, -0.25, 1, 0)
size = Vector3(0.05, 0.5, 0.05)

[node name="CSGBox3D8" type="CSGBox3D" parent="Prototype/Railing"]
transform = Transform3D(-4.37114e-08, 1, 0, -1, -4.37114e-08, 0, 0, 0, 1, -0.25, 0.5, 0)
size = Vector3(0.05, 0.5, 0.05)

[node name="CSGBox3D9" type="CSGBox3D" parent="Prototype/Railing"]
transform = Transform3D(0.707107, 0.707107, 0, -0.707107, 0.707107, 0, 0, 0, 1, 1.05, 2.05, 0)
size = Vector3(0.05, 3, 0.05)

[node name="CSGBox3D10" type="CSGBox3D" parent="Prototype/Railing"]
transform = Transform3D(0.707107, 0.707107, 0, -0.707107, 0.707107, 0, 0, 0, 1, 1.05, 1.55, 0)
size = Vector3(0.05, 3, 0.05)

[node name="TempTable" parent="Prototype" instance=ExtResource("4_etcwg")]
transform = Transform3D(-4.37114e-08, 0, -1, 0, 1, 0, 1, 0, -4.37114e-08, -5.4, 0, -1.9)

[node name="Locker" type="MeshInstance3D" parent="Prototype"]
transform = Transform3D(1, 0, 0, 0, 1, 0, 0, 0, 1, -3.5, 0.925, -2.65)
mesh = SubResource("BoxMesh_j0wuo")

[node name="Generator" type="CSGCombiner3D" parent="Prototype"]
transform = Transform3D(1, 0, 0, 0, 1, 0, 0, 0, 1, 3, 0, 0)
use_collision = true
collision_layer = 8
collision_mask = 33

[node name="CSGBox3D" type="CSGBox3D" parent="Prototype/Generator"]
transform = Transform3D(1, 0, 0, 0, 1, 0, 0, 0, 1, -0.5, 1.25, 0)
size = Vector3(7, 2.5, 3.5)

[node name="CSGBox3D2" type="CSGBox3D" parent="Prototype/Generator"]
transform = Transform3D(0.707107, 0, -0.707107, 0, 1, 0, 0.707107, 0, 0.707107, -4, 1.25, -1.75)
operation = 2
size = Vector3(1, 2.5, 1)

[node name="CSGBox3D3" type="CSGBox3D" parent="Prototype/Generator"]
transform = Transform3D(1, 0, 0, 0, 1, 0, 0, 0, 1, -2, 1.25, 1.25)
operation = 2
size = Vector3(4, 2.5, 1)

[node name="Pipe" type="MeshInstance3D" parent="Prototype"]
transform = Transform3D(-4.37114e-08, 1, 0, -1, -4.37114e-08, 0, 0, 0, 1, 0, 2.2, 2.5)
mesh = SubResource("CylinderMesh_tagc4")

[node name="Pipe2" type="MeshInstance3D" parent="Prototype"]
transform = Transform3D(1, 0, 0, 0, -4.37114e-08, 1, 0, -1, -4.37114e-08, 5.5, 2.2, 2)
mesh = SubResource("CylinderMesh_ms4f7")

[node name="PipeHolder" type="CSGCombiner3D" parent="Prototype"]
transform = Transform3D(1, 0, 0, 0, 1, 0, 0, 0, 1, -5, 0, 2.5)
use_collision = true
collision_layer = 8
collision_mask = 33

[node name="CSGBox3D" type="CSGBox3D" parent="Prototype/PipeHolder"]
transform = Transform3D(1, 0, 0, 0, 1, 0, 0, 0, 1, 0, 1.1, -0.2)
size = Vector3(0.05, 2.2, 0.05)

[node name="CSGBox3D2" type="CSGBox3D" parent="Prototype/PipeHolder"]
transform = Transform3D(1, 0, 0, 0, 1, 0, 0, 0, 1, 0, 1.1, 0.2)
size = Vector3(0.05, 2.2, 0.05)

[node name="CSGBox3D3" type="CSGBox3D" parent="Prototype/PipeHolder"]
transform = Transform3D(1, 0, 0, 0, 0.707107, -0.707107, 0, 0.707107, 0.707107, 0, 0.2, 0)
size = Vector3(0.05, 0.5, 0.05)

[node name="CSGBox3D4" type="CSGBox3D" parent="Prototype/PipeHolder"]
transform = Transform3D(1, 0, 0, 0, 0.707107, 0.707107, 0, -0.707107, 0.707107, 0, 0.2, 0)
size = Vector3(0.05, 0.5, 0.05)

[node name="CSGBox3D5" type="CSGBox3D" parent="Prototype/PipeHolder"]
transform = Transform3D(1, 0, 0, 0, 0.707107, -0.707107, 0, 0.707107, 0.707107, 0, 0.6, 0)
size = Vector3(0.05, 0.5, 0.05)

[node name="CSGBox3D6" type="CSGBox3D" parent="Prototype/PipeHolder"]
transform = Transform3D(1, 0, 0, 0, 0.707107, 0.707107, 0, -0.707107, 0.707107, 0, 0.6, 0)
size = Vector3(0.05, 0.5, 0.05)

[node name="CSGBox3D7" type="CSGBox3D" parent="Prototype/PipeHolder"]
transform = Transform3D(1, 0, 0, 0, 0.707107, -0.707107, 0, 0.707107, 0.707107, 0, 1, 0)
size = Vector3(0.05, 0.5, 0.05)

[node name="CSGBox3D8" type="CSGBox3D" parent="Prototype/PipeHolder"]
transform = Transform3D(1, 0, 0, 0, 0.707107, 0.707107, 0, -0.707107, 0.707107, 0, 1, 0)
size = Vector3(0.05, 0.5, 0.05)

[node name="CSGBox3D9" type="CSGBox3D" parent="Prototype/PipeHolder"]
transform = Transform3D(1, 0, 0, 0, 0.707107, -0.707107, 0, 0.707107, 0.707107, 0, 1.4, 0)
size = Vector3(0.05, 0.5, 0.05)

[node name="CSGBox3D10" type="CSGBox3D" parent="Prototype/PipeHolder"]
transform = Transform3D(1, 0, 0, 0, 0.707107, 0.707107, 0, -0.707107, 0.707107, 0, 1.4, 0)
size = Vector3(0.05, 0.5, 0.05)

[node name="CSGBox3D11" type="CSGBox3D" parent="Prototype/PipeHolder"]
transform = Transform3D(1, 0, 0, 0, 0.707107, -0.707107, 0, 0.707107, 0.707107, 0, 1.8, 0)
size = Vector3(0.05, 0.5, 0.05)

[node name="CSGBox3D12" type="CSGBox3D" parent="Prototype/PipeHolder"]
transform = Transform3D(1, 0, 0, 0, 0.707107, 0.707107, 0, -0.707107, 0.707107, 0, 1.8, 0)
size = Vector3(0.05, 0.5, 0.05)

[node name="PipeHolder2" type="CSGCombiner3D" parent="Prototype"]
transform = Transform3D(1, 0, 0, 0, 1, 0, 0, 0, 1, -2, 0, 2.5)
use_collision = true
collision_layer = 8
collision_mask = 33

[node name="CSGBox3D" type="CSGBox3D" parent="Prototype/PipeHolder2"]
transform = Transform3D(1, 0, 0, 0, 1, 0, 0, 0, 1, 0, 1.1, -0.2)
size = Vector3(0.05, 2.2, 0.05)

[node name="CSGBox3D2" type="CSGBox3D" parent="Prototype/PipeHolder2"]
transform = Transform3D(1, 0, 0, 0, 1, 0, 0, 0, 1, 0, 1.1, 0.2)
size = Vector3(0.05, 2.2, 0.05)

[node name="CSGBox3D3" type="CSGBox3D" parent="Prototype/PipeHolder2"]
transform = Transform3D(1, 0, 0, 0, 0.707107, -0.707107, 0, 0.707107, 0.707107, 0, 0.2, 0)
size = Vector3(0.05, 0.5, 0.05)

[node name="CSGBox3D4" type="CSGBox3D" parent="Prototype/PipeHolder2"]
transform = Transform3D(1, 0, 0, 0, 0.707107, 0.707107, 0, -0.707107, 0.707107, 0, 0.2, 0)
size = Vector3(0.05, 0.5, 0.05)

[node name="CSGBox3D5" type="CSGBox3D" parent="Prototype/PipeHolder2"]
transform = Transform3D(1, 0, 0, 0, 0.707107, -0.707107, 0, 0.707107, 0.707107, 0, 0.6, 0)
size = Vector3(0.05, 0.5, 0.05)

[node name="CSGBox3D6" type="CSGBox3D" parent="Prototype/PipeHolder2"]
transform = Transform3D(1, 0, 0, 0, 0.707107, 0.707107, 0, -0.707107, 0.707107, 0, 0.6, 0)
size = Vector3(0.05, 0.5, 0.05)

[node name="CSGBox3D7" type="CSGBox3D" parent="Prototype/PipeHolder2"]
transform = Transform3D(1, 0, 0, 0, 0.707107, -0.707107, 0, 0.707107, 0.707107, 0, 1, 0)
size = Vector3(0.05, 0.5, 0.05)

[node name="CSGBox3D8" type="CSGBox3D" parent="Prototype/PipeHolder2"]
transform = Transform3D(1, 0, 0, 0, 0.707107, 0.707107, 0, -0.707107, 0.707107, 0, 1, 0)
size = Vector3(0.05, 0.5, 0.05)

[node name="CSGBox3D9" type="CSGBox3D" parent="Prototype/PipeHolder2"]
transform = Transform3D(1, 0, 0, 0, 0.707107, -0.707107, 0, 0.707107, 0.707107, 0, 1.4, 0)
size = Vector3(0.05, 0.5, 0.05)

[node name="CSGBox3D10" type="CSGBox3D" parent="Prototype/PipeHolder2"]
transform = Transform3D(1, 0, 0, 0, 0.707107, 0.707107, 0, -0.707107, 0.707107, 0, 1.4, 0)
size = Vector3(0.05, 0.5, 0.05)

[node name="CSGBox3D11" type="CSGBox3D" parent="Prototype/PipeHolder2"]
transform = Transform3D(1, 0, 0, 0, 0.707107, -0.707107, 0, 0.707107, 0.707107, 0, 1.8, 0)
size = Vector3(0.05, 0.5, 0.05)

[node name="CSGBox3D12" type="CSGBox3D" parent="Prototype/PipeHolder2"]
transform = Transform3D(1, 0, 0, 0, 0.707107, 0.707107, 0, -0.707107, 0.707107, 0, 1.8, 0)
size = Vector3(0.05, 0.5, 0.05)

[node name="PipeHolder3" type="CSGCombiner3D" parent="Prototype"]
transform = Transform3D(1, 0, 0, 0, 1, 0, 0, 0, 1, 1, 0, 2.5)
use_collision = true
collision_layer = 8
collision_mask = 33

[node name="CSGBox3D" type="CSGBox3D" parent="Prototype/PipeHolder3"]
transform = Transform3D(1, 0, 0, 0, 1, 0, 0, 0, 1, 0, 1.1, -0.2)
size = Vector3(0.05, 2.2, 0.05)

[node name="CSGBox3D2" type="CSGBox3D" parent="Prototype/PipeHolder3"]
transform = Transform3D(1, 0, 0, 0, 1, 0, 0, 0, 1, 0, 1.1, 0.2)
size = Vector3(0.05, 2.2, 0.05)

[node name="CSGBox3D3" type="CSGBox3D" parent="Prototype/PipeHolder3"]
transform = Transform3D(1, 0, 0, 0, 0.707107, -0.707107, 0, 0.707107, 0.707107, 0, 0.2, 0)
size = Vector3(0.05, 0.5, 0.05)

[node name="CSGBox3D4" type="CSGBox3D" parent="Prototype/PipeHolder3"]
transform = Transform3D(1, 0, 0, 0, 0.707107, 0.707107, 0, -0.707107, 0.707107, 0, 0.2, 0)
size = Vector3(0.05, 0.5, 0.05)

[node name="CSGBox3D5" type="CSGBox3D" parent="Prototype/PipeHolder3"]
transform = Transform3D(1, 0, 0, 0, 0.707107, -0.707107, 0, 0.707107, 0.707107, 0, 0.6, 0)
size = Vector3(0.05, 0.5, 0.05)

[node name="CSGBox3D6" type="CSGBox3D" parent="Prototype/PipeHolder3"]
transform = Transform3D(1, 0, 0, 0, 0.707107, 0.707107, 0, -0.707107, 0.707107, 0, 0.6, 0)
size = Vector3(0.05, 0.5, 0.05)

[node name="CSGBox3D7" type="CSGBox3D" parent="Prototype/PipeHolder3"]
transform = Transform3D(1, 0, 0, 0, 0.707107, -0.707107, 0, 0.707107, 0.707107, 0, 1, 0)
size = Vector3(0.05, 0.5, 0.05)

[node name="CSGBox3D8" type="CSGBox3D" parent="Prototype/PipeHolder3"]
transform = Transform3D(1, 0, 0, 0, 0.707107, 0.707107, 0, -0.707107, 0.707107, 0, 1, 0)
size = Vector3(0.05, 0.5, 0.05)

[node name="CSGBox3D9" type="CSGBox3D" parent="Prototype/PipeHolder3"]
transform = Transform3D(1, 0, 0, 0, 0.707107, -0.707107, 0, 0.707107, 0.707107, 0, 1.4, 0)
size = Vector3(0.05, 0.5, 0.05)

[node name="CSGBox3D10" type="CSGBox3D" parent="Prototype/PipeHolder3"]
transform = Transform3D(1, 0, 0, 0, 0.707107, 0.707107, 0, -0.707107, 0.707107, 0, 1.4, 0)
size = Vector3(0.05, 0.5, 0.05)

[node name="CSGBox3D11" type="CSGBox3D" parent="Prototype/PipeHolder3"]
transform = Transform3D(1, 0, 0, 0, 0.707107, -0.707107, 0, 0.707107, 0.707107, 0, 1.8, 0)
size = Vector3(0.05, 0.5, 0.05)

[node name="CSGBox3D12" type="CSGBox3D" parent="Prototype/PipeHolder3"]
transform = Transform3D(1, 0, 0, 0, 0.707107, 0.707107, 0, -0.707107, 0.707107, 0, 1.8, 0)
size = Vector3(0.05, 0.5, 0.05)

[node name="PipeHolder4" type="CSGCombiner3D" parent="Prototype"]
transform = Transform3D(1, 0, 0, 0, 1, 0, 0, 0, 1, 5, 0, 2.5)
use_collision = true
collision_layer = 8
collision_mask = 33

[node name="CSGBox3D" type="CSGBox3D" parent="Prototype/PipeHolder4"]
transform = Transform3D(1, 0, 0, 0, 1, 0, 0, 0, 1, 0, 1.1, -0.2)
size = Vector3(0.05, 2.2, 0.05)

[node name="CSGBox3D2" type="CSGBox3D" parent="Prototype/PipeHolder4"]
transform = Transform3D(1, 0, 0, 0, 1, 0, 0, 0, 1, 0, 1.1, 0.2)
size = Vector3(0.05, 2.2, 0.05)

[node name="CSGBox3D3" type="CSGBox3D" parent="Prototype/PipeHolder4"]
transform = Transform3D(1, 0, 0, 0, 0.707107, -0.707107, 0, 0.707107, 0.707107, 0, 0.2, 0)
size = Vector3(0.05, 0.5, 0.05)

[node name="CSGBox3D4" type="CSGBox3D" parent="Prototype/PipeHolder4"]
transform = Transform3D(1, 0, 0, 0, 0.707107, 0.707107, 0, -0.707107, 0.707107, 0, 0.2, 0)
size = Vector3(0.05, 0.5, 0.05)

[node name="CSGBox3D5" type="CSGBox3D" parent="Prototype/PipeHolder4"]
transform = Transform3D(1, 0, 0, 0, 0.707107, -0.707107, 0, 0.707107, 0.707107, 0, 0.6, 0)
size = Vector3(0.05, 0.5, 0.05)

[node name="CSGBox3D6" type="CSGBox3D" parent="Prototype/PipeHolder4"]
transform = Transform3D(1, 0, 0, 0, 0.707107, 0.707107, 0, -0.707107, 0.707107, 0, 0.6, 0)
size = Vector3(0.05, 0.5, 0.05)

[node name="CSGBox3D7" type="CSGBox3D" parent="Prototype/PipeHolder4"]
transform = Transform3D(1, 0, 0, 0, 0.707107, -0.707107, 0, 0.707107, 0.707107, 0, 1, 0)
size = Vector3(0.05, 0.5, 0.05)

[node name="CSGBox3D8" type="CSGBox3D" parent="Prototype/PipeHolder4"]
transform = Transform3D(1, 0, 0, 0, 0.707107, 0.707107, 0, -0.707107, 0.707107, 0, 1, 0)
size = Vector3(0.05, 0.5, 0.05)

[node name="CSGBox3D9" type="CSGBox3D" parent="Prototype/PipeHolder4"]
transform = Transform3D(1, 0, 0, 0, 0.707107, -0.707107, 0, 0.707107, 0.707107, 0, 1.4, 0)
size = Vector3(0.05, 0.5, 0.05)

[node name="CSGBox3D10" type="CSGBox3D" parent="Prototype/PipeHolder4"]
transform = Transform3D(1, 0, 0, 0, 0.707107, 0.707107, 0, -0.707107, 0.707107, 0, 1.4, 0)
size = Vector3(0.05, 0.5, 0.05)

[node name="CSGBox3D11" type="CSGBox3D" parent="Prototype/PipeHolder4"]
transform = Transform3D(1, 0, 0, 0, 0.707107, -0.707107, 0, 0.707107, 0.707107, 0, 1.8, 0)
size = Vector3(0.05, 0.5, 0.05)

[node name="CSGBox3D12" type="CSGBox3D" parent="Prototype/PipeHolder4"]
transform = Transform3D(1, 0, 0, 0, 0.707107, 0.707107, 0, -0.707107, 0.707107, 0, 1.8, 0)
size = Vector3(0.05, 0.5, 0.05)

[node name="Player" parent="." instance=ExtResource("4_5qxfe")]
transform = Transform3D(1, 0, 0, 0, 1, 0, 0, 0, 1, -2.07092, 0, -0.980417)

[editable path="Doors/ToMachinery"]
[editable path="Doors/ToHallway"]
