[gd_scene load_steps=51 format=3 uid="uid://ccn55toql5a6v"]

[ext_resource type="PackedScene" uid="uid://cvdgpuc2x1i1w" path="res://Graphics/Models/vehicles/RedTruckTM/redSUV.tscn" id="1_l1bfu"]
[ext_resource type="Script" path="res://Source/State/Cutscene.cs" id="1_x8eer"]
[ext_resource type="Shader" path="res://Source/Shaders/checkers.gdshader" id="2_klldf"]
[ext_resource type="AudioStream" uid="uid://bg4pctxpob14g" path="res://Audio/Voice/01.wav" id="3_14hch"]
[ext_resource type="PackedScene" uid="uid://08r46y4c31c7" path="res://Graphics/Lain/Lain.glb" id="3_ykbs4"]
[ext_resource type="Shader" path="res://Source/Shaders/psx_lit.gdshader" id="4_vpk3l"]
[ext_resource type="AudioStream" uid="uid://c0oo14ke6b0md" path="res://Audio/Voice/02.wav" id="5_6sasq"]
[ext_resource type="Texture2D" uid="uid://b113fpldi2ie1" path="res://Graphics/Lain/Lain_Untitled.png" id="5_cfdmu"]
[ext_resource type="AudioStream" uid="uid://d1rmmchi04mjn" path="res://Audio/Voice/OceansDream-George/2ndPassRadioEdit.wav" id="6_p8u00"]
[ext_resource type="AudioStream" uid="uid://by67k7todn08c" path="res://Audio/Voice/OceansDream-George/2ndPassRadioEdit2.wav" id="7_6ebk4"]
[ext_resource type="AudioStream" uid="uid://2twd7dqrig25" path="res://Audio/Voice/03.wav" id="7_f5flu"]
[ext_resource type="Script" path="res://Source/Character/MaterialSwitch.cs" id="8_gelcu"]
[ext_resource type="AudioStream" uid="uid://d2v84xkqd0frv" path="res://Audio/Voice/OceansDream-George/2ndPassRadioEdit3.wav" id="8_k3iyy"]
[ext_resource type="Texture2D" uid="uid://bd2qm06kxa2ht" path="res://Graphics/Lain/Lain_Untitled_mouthOpen.png" id="9_di4ly"]
[ext_resource type="AudioStream" uid="uid://ccj46bjppvrvw" path="res://Audio/Voice/OceansDream-George/2ndPassRadioEdit4.wav" id="9_ej8x5"]
[ext_resource type="AudioStream" uid="uid://c5j7uj4sr53yk" path="res://Audio/Voice/04.wav" id="9_rx3xp"]
[ext_resource type="Texture2D" uid="uid://bln84ym8y5h17" path="res://Graphics/Lain/Lain_Untitled_surprise.png" id="10_kgplf"]
[ext_resource type="Script" path="res://addons/terrabrush/TerraBrush.cs" id="15_xtwcr"]
[ext_resource type="Resource" uid="uid://cc88dhndvd6ve" path="res://Data/terrain/TerrainTextures.tres" id="16_3srqo"]
[ext_resource type="Resource" uid="uid://coj1bqevtjhyb" path="res://Data/terrain/TerrainTrees.tres" id="17_gxrvh"]
[ext_resource type="Texture2D" uid="uid://droi1ixvfm0i2" path="res://Scenes/maps/cutscenes/intro/Heightmap_0_0.res" id="18_lrlub"]
[ext_resource type="Texture2D" uid="uid://bge8ysqqpjjck" path="res://Graphics/Lain/Lain_Untitled_gasp.png" id="19_cukto"]
[ext_resource type="Texture2D" uid="uid://ufxiipjd3a0v" path="res://Scenes/maps/cutscenes/intro/Object_0_0_0.res" id="19_jx1xm"]
[ext_resource type="Texture2D" uid="uid://w7hud3q40msf" path="res://Scenes/maps/cutscenes/intro/Splatmap_0_0_0.res" id="20_4krx5"]
[ext_resource type="PackedScene" uid="uid://babtkorew36j3" path="res://Graphics/Models/scenery/materials_trees/tree1.glb" id="20_cmv1y"]
[ext_resource type="Script" path="res://addons/terrabrush/Scripts/EditorResources/ZoneResource.cs" id="21_66ko3"]
[ext_resource type="PackedScene" uid="uid://lkvxlooxa6x" path="res://Graphics/Models/scenery/materials_trees/tree2.glb" id="21_mmq22"]
[ext_resource type="PackedScene" uid="uid://dvn50kbg3hex0" path="res://Graphics/Models/scenery/materials_trees/tree3.glb" id="22_ub1n4"]
[ext_resource type="Script" path="res://addons/terrabrush/Scripts/EditorResources/ZonesResource.cs" id="22_un804"]
[ext_resource type="PackedScene" uid="uid://ba6ddqol0bqtn" path="res://Graphics/Models/scenery/materials_trees/tree4.glb" id="23_y36gp"]
[ext_resource type="PackedScene" uid="uid://byv536umv87bc" path="res://Graphics/Models/weapons/r_hunter_elite .tscn" id="31_1tnvv"]
[ext_resource type="Theme" uid="uid://5oo8t585v2ho" path="res://Graphics/themes/general_theme.tres" id="31_f4j2i"]
[ext_resource type="AudioStream" uid="uid://rrd1wrhlyth2" path="res://Audio/Music/Frozen_Hope_Title_ Screen_JDY.wav" id="33_ollso"]

[sub_resource type="ProceduralSkyMaterial" id="ProceduralSkyMaterial_wyt56"]
sky_top_color = Color(0.680522, 0.735972, 0.81331, 1)
sky_horizon_color = Color(0.837937, 0.834755, 0.834467, 1)
sky_energy_multiplier = 0.9
ground_bottom_color = Color(0.671227, 0.603047, 0.524558, 1)
ground_horizon_color = Color(0.837937, 0.834755, 0.834467, 1)

[sub_resource type="Sky" id="Sky_4jowo"]
sky_material = SubResource("ProceduralSkyMaterial_wyt56")

[sub_resource type="Environment" id="Environment_mf2hf"]
background_mode = 2
sky = SubResource("Sky_4jowo")
fog_enabled = true
fog_light_color = Color(0.69931, 0.727332, 0.771365, 1)

[sub_resource type="Animation" id="Animation_oinct"]
length = 0.001
tracks/0/type = "value"
tracks/0/imported = false
tracks/0/enabled = true
tracks/0/path = NodePath("MovingGround/ScenarioPivot/Cam1Moving:current")
tracks/0/interp = 1
tracks/0/loop_wrap = true
tracks/0/keys = {
"times": PackedFloat32Array(0),
"transitions": PackedFloat32Array(1),
"update": 1,
"values": [true]
}
tracks/1/type = "value"
tracks/1/imported = false
tracks/1/enabled = true
tracks/1/path = NodePath("Camera2:current")
tracks/1/interp = 1
tracks/1/loop_wrap = true
tracks/1/keys = {
"times": PackedFloat32Array(0),
"transitions": PackedFloat32Array(1),
"update": 1,
"values": [false]
}
tracks/2/type = "value"
tracks/2/imported = false
tracks/2/enabled = true
tracks/2/path = NodePath("Camera3:current")
tracks/2/interp = 1
tracks/2/loop_wrap = true
tracks/2/keys = {
"times": PackedFloat32Array(0),
"transitions": PackedFloat32Array(1),
"update": 1,
"values": [false]
}
tracks/3/type = "value"
tracks/3/imported = false
tracks/3/enabled = true
tracks/3/path = NodePath("MovingGround/ScenarioPivot/Cam4Moving:current")
tracks/3/interp = 1
tracks/3/loop_wrap = true
tracks/3/keys = {
"times": PackedFloat32Array(0),
"transitions": PackedFloat32Array(1),
"update": 1,
"values": [false]
}
tracks/4/type = "value"
tracks/4/imported = false
tracks/4/enabled = true
tracks/4/path = NodePath("Control/ColorRect:modulate")
tracks/4/interp = 1
tracks/4/loop_wrap = true
tracks/4/keys = {
"times": PackedFloat32Array(0),
"transitions": PackedFloat32Array(1),
"update": 0,
"values": [Color(1, 1, 1, 0)]
}
tracks/5/type = "value"
tracks/5/imported = false
tracks/5/enabled = true
tracks/5/path = NodePath("Lain/Armature/Skeleton3D/Cube:MaterialOverrideIdx")
tracks/5/interp = 1
tracks/5/loop_wrap = true
tracks/5/keys = {
"times": PackedFloat32Array(0),
"transitions": PackedFloat32Array(1),
"update": 1,
"values": [0]
}
tracks/6/type = "value"
tracks/6/imported = false
tracks/6/enabled = true
tracks/6/path = NodePath("Control/MarginContainer/Subtitles:text")
tracks/6/interp = 1
tracks/6/loop_wrap = true
tracks/6/keys = {
"times": PackedFloat32Array(0),
"transitions": PackedFloat32Array(1),
"update": 1,
"values": [""]
}
tracks/7/type = "value"
tracks/7/imported = false
tracks/7/enabled = true
tracks/7/path = NodePath("Control/MarginContainer/Subtitles/SubtitleBackground:visible")
tracks/7/interp = 1
tracks/7/loop_wrap = true
tracks/7/keys = {
"times": PackedFloat32Array(0),
"transitions": PackedFloat32Array(1),
"update": 1,
"values": [false]
}
tracks/8/type = "value"
tracks/8/imported = false
tracks/8/enabled = true
tracks/8/path = NodePath("Control/MarginContainer/Subtitles/SubtitleBackground:size")
tracks/8/interp = 1
tracks/8/loop_wrap = true
tracks/8/keys = {
"times": PackedFloat32Array(0),
"transitions": PackedFloat32Array(1),
"update": 0,
"values": [Vector2(200, 22)]
}
tracks/9/type = "value"
tracks/9/imported = false
tracks/9/enabled = true
tracks/9/path = NodePath("TitleTheme:playing")
tracks/9/interp = 1
tracks/9/loop_wrap = true
tracks/9/keys = {
"times": PackedFloat32Array(0),
"transitions": PackedFloat32Array(1),
"update": 1,
"values": [false]
}

[sub_resource type="Animation" id="Animation_xj7n8"]
resource_name = "new_animation"
length = 60.0
tracks/0/type = "value"
tracks/0/imported = false
tracks/0/enabled = true
tracks/0/path = NodePath("MovingGround/ScenarioPivot/Cam1Moving:current")
tracks/0/interp = 1
tracks/0/loop_wrap = true
tracks/0/keys = {
"times": PackedFloat32Array(0),
"transitions": PackedFloat32Array(1),
"update": 1,
"values": [true]
}
tracks/1/type = "animation"
tracks/1/imported = false
tracks/1/enabled = true
tracks/1/path = NodePath("MovingGround")
tracks/1/interp = 1
tracks/1/loop_wrap = true
tracks/1/keys = {
"clips": PackedStringArray("new_animation"),
"times": PackedFloat32Array(0)
}
tracks/2/type = "value"
tracks/2/imported = false
tracks/2/enabled = true
tracks/2/path = NodePath("Camera2:current")
tracks/2/interp = 1
tracks/2/loop_wrap = true
tracks/2/keys = {
"times": PackedFloat32Array(0, 2, 12.5667, 16.7333),
"transitions": PackedFloat32Array(1, 1, 1, 1),
"update": 1,
"values": [false, true, false, true]
}
tracks/3/type = "value"
tracks/3/imported = false
tracks/3/enabled = true
tracks/3/path = NodePath("Camera3:current")
tracks/3/interp = 1
tracks/3/loop_wrap = true
tracks/3/keys = {
"times": PackedFloat32Array(0, 12.4333, 16.7667, 26.8),
"transitions": PackedFloat32Array(1, 1, 1, 1),
"update": 1,
"values": [false, true, false, true]
}
tracks/4/type = "animation"
tracks/4/imported = false
tracks/4/enabled = true
tracks/4/path = NodePath("Lain/AnimationPlayer")
tracks/4/interp = 1
tracks/4/loop_wrap = true
tracks/4/keys = {
"clips": PackedStringArray("Driving", "Driving_RadioGet", "Driving_RadioTalk", "Driving_RadioNope", "Driving_RadioTalk", "Driving_RadioReturn"),
"times": PackedFloat32Array(0, 12.2667, 26.6, 37.1, 45.1, 55.3)
}
tracks/5/type = "value"
tracks/5/imported = false
tracks/5/enabled = true
tracks/5/path = NodePath("MovingGround/ScenarioPivot/Cam4Moving:current")
tracks/5/interp = 1
tracks/5/loop_wrap = true
tracks/5/keys = {
"times": PackedFloat32Array(0, 56.2),
"transitions": PackedFloat32Array(1, 1),
"update": 1,
"values": [false, true]
}
tracks/6/type = "value"
tracks/6/imported = false
tracks/6/enabled = true
tracks/6/path = NodePath("Control/ColorRect:modulate")
tracks/6/interp = 1
tracks/6/loop_wrap = true
tracks/6/keys = {
"times": PackedFloat32Array(0, 57.5, 59.4),
"transitions": PackedFloat32Array(1, 1, 1),
"update": 0,
"values": [Color(1, 1, 1, 0), Color(1, 1, 1, 0), Color(1, 1, 1, 1)]
}
tracks/7/type = "audio"
tracks/7/imported = false
tracks/7/enabled = true
tracks/7/path = NodePath("AudioLeona")
tracks/7/interp = 1
tracks/7/loop_wrap = true
tracks/7/keys = {
"clips": [{
"end_offset": 0.0,
"start_offset": 0.0,
"stream": ExtResource("3_14hch")
}, {
"end_offset": 0.0,
"start_offset": 0.0,
"stream": ExtResource("5_6sasq")
}, {
"end_offset": 0.0,
"start_offset": 0.0,
"stream": ExtResource("7_f5flu")
}, {
"end_offset": 0.0,
"start_offset": 0.0,
"stream": ExtResource("9_rx3xp")
}],
"times": PackedFloat32Array(12.3333, 26.7333, 37.1, 52.8)
}
tracks/7/use_blend = true
tracks/8/type = "audio"
tracks/8/imported = false
tracks/8/enabled = true
tracks/8/path = NodePath("AudioGeorge")
tracks/8/interp = 1
tracks/8/loop_wrap = true
tracks/8/keys = {
"clips": [{
"end_offset": 0.0,
"start_offset": 0.0,
"stream": ExtResource("6_p8u00")
}, {
"end_offset": 0.391266,
"start_offset": 0.950216,
"stream": ExtResource("7_6ebk4")
}, {
"end_offset": 0.391266,
"start_offset": 0.0,
"stream": ExtResource("8_k3iyy")
}, {
"end_offset": 0.0,
"start_offset": 0.0,
"stream": ExtResource("9_ej8x5")
}],
"times": PackedFloat32Array(2.03333, 16.1169, 31.3667, 44.1)
}
tracks/8/use_blend = true
tracks/9/type = "method"
tracks/9/imported = false
tracks/9/enabled = true
tracks/9/path = NodePath("Lain/Armature/Skeleton3D/Cube")
tracks/9/interp = 1
tracks/9/loop_wrap = true
tracks/9/keys = {
"times": PackedFloat32Array(12.5667, 13.4333, 13.8333, 14.5667, 15.0333, 15.7, 27.1, 28.8333, 29.3, 30.4333, 38.4333, 41.1, 41.6667, 43.2667, 53.3667, 54.6),
"transitions": PackedFloat32Array(1, 1, 1, 1, 1, 1, 1, 1, 1, 1, 1, 1, 1, 1, 1, 1),
"values": [{
"args": [],
"method": &"SetFlapping"
}, {
"args": [],
"method": &"UnsetFlapping"
}, {
"args": [],
"method": &"SetFlapping"
}, {
"args": [],
"method": &"UnsetFlapping"
}, {
"args": [],
"method": &"SetFlapping"
}, {
"args": [],
"method": &"UnsetFlapping"
}, {
"args": [],
"method": &"SetFlapping"
}, {
"args": [],
"method": &"UnsetFlapping"
}, {
"args": [],
"method": &"SetFlapping"
}, {
"args": [],
"method": &"UnsetFlapping"
}, {
"args": [],
"method": &"SetFlapping"
}, {
"args": [],
"method": &"UnsetFlapping"
}, {
"args": [],
"method": &"SetFlapping"
}, {
"args": [],
"method": &"UnsetFlapping"
}, {
"args": [],
"method": &"SetFlapping"
}, {
"args": [],
"method": &"UnsetFlapping"
}]
}
tracks/10/type = "value"
tracks/10/imported = false
tracks/10/enabled = true
tracks/10/path = NodePath("Lain/Armature/Skeleton3D/Cube:MaterialOverrideIdx")
tracks/10/interp = 1
tracks/10/loop_wrap = true
tracks/10/keys = {
"times": PackedFloat32Array(37.4667, 38.1667),
"transitions": PackedFloat32Array(1, 1),
"update": 1,
"values": [3, 0]
}
tracks/11/type = "value"
tracks/11/imported = false
tracks/11/enabled = true
tracks/11/path = NodePath("Control/MarginContainer/Subtitles:text")
tracks/11/interp = 1
tracks/11/loop_wrap = true
tracks/11/keys = {
"times": PackedFloat32Array(2.1667, 6.8, 11.8, 12.4, 16, 17.2667, 21.9333, 26.0333, 27, 30.7667, 32.7, 36.6333, 37.2667, 43.4333, 44.4333, 49.5667, 51.8, 53.0667, 54.8333),
"transitions": PackedFloat32Array(1, 1, 1, 1, 1, 1, 1, 1, 1, 1, 1, 1, 1, 1, 1, 1, 1, 1, 1),
"update": 1,
"values": ["[center]George here from the Ranger station, anyone near Point Oswald, come in...[/center]", "[center]I repeat, anyone near point Oswald, come in. Over[/center]", "", "[center]L.K. here, I’m near there, what’s the problem George?[/center]", "", "[center]Leona? Could you please go to Point Oswald and check in on a camping group?[/center]", "[center]A blizzard is coming and I’ve been unable to hail them. Over.[/center]", "", "[center]Camping group by Point Oswald, isn’t that my brother’s group?[/center]", "", "[center]Uhh… yeah, that’s him alright. Over.[/center]", "", "[center]Numbskull probably turned off his radio by accident, I’ll head on over and give him an earful.[/center]", "", "[center]Don’t be too hard on him, let me know as soon as you’ve arrived there.[/center]", "[center]George Over and Out.[/center]", "", "[center]L.K. over and out.[/center]", ""]
}
tracks/12/type = "value"
tracks/12/imported = false
tracks/12/enabled = true
tracks/12/path = NodePath("Control/MarginContainer/Subtitles/SubtitleBackground:visible")
tracks/12/interp = 1
tracks/12/loop_wrap = true
tracks/12/keys = {
"times": PackedFloat32Array(2.1667, 11.8, 12.4, 16, 17.2667, 26.0333, 27, 30.7667, 32.7, 36.6333, 37.2667, 43.4333, 44.4333, 51.8, 53.0667, 54.8333),
"transitions": PackedFloat32Array(1, 1, 1, 1, 1, 1, 1, 1, 1, 1, 1, 1, 1, 1, 1, 1),
"update": 1,
"values": [true, false, true, false, true, false, true, false, true, false, true, false, true, false, true, false]
}
tracks/13/type = "value"
tracks/13/imported = false
tracks/13/enabled = true
tracks/13/path = NodePath("Control/MarginContainer/Subtitles/SubtitleBackground:size")
tracks/13/interp = 1
tracks/13/loop_wrap = true
tracks/13/keys = {
"times": PackedFloat32Array(2.16667, 6.8, 12.4, 32.7, 37.2667, 49.5667),
"transitions": PackedFloat32Array(1, 1, 1, 1, 1, 1),
"update": 1,
"values": [Vector2(200, 22), Vector2(200, 11), Vector2(200, 22), Vector2(200, 13), Vector2(200, 22), Vector2(200, 11)]
}
tracks/14/type = "value"
tracks/14/imported = false
tracks/14/enabled = true
tracks/14/path = NodePath("TitleTheme:playing")
tracks/14/interp = 1
tracks/14/loop_wrap = true
tracks/14/keys = {
"times": PackedFloat32Array(0),
"transitions": PackedFloat32Array(1),
"update": 0,
"values": [false]
}

[sub_resource type="AnimationLibrary" id="AnimationLibrary_rgc1v"]
_data = {
"RESET": SubResource("Animation_oinct"),
"new_animation": SubResource("Animation_xj7n8")
}

[sub_resource type="Animation" id="Animation_yxi8j"]
length = 0.001
tracks/0/type = "value"
tracks/0/imported = false
tracks/0/enabled = true
tracks/0/path = NodePath("MovingGround/ScenarioPivot:position")
tracks/0/interp = 1
tracks/0/loop_wrap = true
tracks/0/keys = {
"times": PackedFloat32Array(0),
"transitions": PackedFloat32Array(1),
"update": 0,
"values": [Vector3(0, 0, -200)]
}

[sub_resource type="Animation" id="Animation_mb5jv"]
resource_name = "new_animation"
length = 9.0
loop_mode = 1
tracks/0/type = "value"
tracks/0/imported = false
tracks/0/enabled = true
tracks/0/path = NodePath("MovingGround/ScenarioPivot:position")
tracks/0/interp = 1
tracks/0/loop_wrap = true
tracks/0/keys = {
"times": PackedFloat32Array(0, 9),
"transitions": PackedFloat32Array(1, 1),
"update": 0,
"values": [Vector3(0, 0, 0), Vector3(0, 0, -300)]
}

[sub_resource type="AnimationLibrary" id="AnimationLibrary_h0fy0"]
_data = {
"RESET": SubResource("Animation_yxi8j"),
"new_animation": SubResource("Animation_mb5jv")
}

[sub_resource type="ShaderMaterial" id="ShaderMaterial_g3fhg"]
render_priority = 0
shader = ExtResource("2_klldf")
shader_parameter/local = true
shader_parameter/size = 5.0
shader_parameter/color1 = null
shader_parameter/color2 = Color(0.245984, 0.245984, 0.245984, 1)

[sub_resource type="PlaneMesh" id="PlaneMesh_j6jht"]
material = SubResource("ShaderMaterial_g3fhg")
size = Vector2(1000, 1000)

[sub_resource type="Resource" id="Resource_p6rjf"]
script = ExtResource("21_66ko3")
ZonePosition = Vector2i(0, 0)
HeightMapTexture = ExtResource("18_lrlub")
SplatmapsTexture = [ExtResource("20_4krx5")]
FoliagesTexture = []
ObjectsTexture = [ExtResource("19_jx1xm")]

[sub_resource type="Resource" id="Resource_2uumr"]
script = ExtResource("22_un804")
Zones = [SubResource("Resource_p6rjf")]

[sub_resource type="ShaderMaterial" id="ShaderMaterial_qe421"]
render_priority = 0
shader = ExtResource("4_vpk3l")
shader_parameter/vertex_color = null
shader_parameter/jitter = 0.5
shader_parameter/jitter_z_coordinate = true
shader_parameter/jitter_depth_independent = true
shader_parameter/affine_texture_mapping = true
shader_parameter/affine_texture_intensity = -2.0
shader_parameter/alpha_scissor = 1.0
shader_parameter/albedo_color = Color(1, 1, 1, 1)
shader_parameter/emission_color = Color(1, 1, 1, 1)
shader_parameter/texture_size = Vector2(1, 1)
shader_parameter/albedo = ExtResource("5_cfdmu")

[sub_resource type="ShaderMaterial" id="ShaderMaterial_r3dyy"]
render_priority = 0
shader = ExtResource("4_vpk3l")
shader_parameter/vertex_color = null
shader_parameter/jitter = 0.5
shader_parameter/jitter_z_coordinate = true
shader_parameter/jitter_depth_independent = true
shader_parameter/affine_texture_mapping = true
shader_parameter/affine_texture_intensity = -2.0
shader_parameter/alpha_scissor = 1.0
shader_parameter/albedo_color = Color(1, 1, 1, 1)
shader_parameter/emission_color = Color(1, 1, 1, 1)
shader_parameter/texture_size = Vector2(1, 1)
shader_parameter/albedo = ExtResource("9_di4ly")

[sub_resource type="ShaderMaterial" id="ShaderMaterial_14gni"]
render_priority = 0
shader = ExtResource("4_vpk3l")
shader_parameter/vertex_color = null
shader_parameter/jitter = 0.5
shader_parameter/jitter_z_coordinate = true
shader_parameter/jitter_depth_independent = true
shader_parameter/affine_texture_mapping = true
shader_parameter/affine_texture_intensity = -2.0
shader_parameter/alpha_scissor = 1.0
shader_parameter/albedo_color = Color(1, 1, 1, 1)
shader_parameter/emission_color = Color(1, 1, 1, 1)
shader_parameter/texture_size = Vector2(1, 1)
shader_parameter/albedo = ExtResource("10_kgplf")

[sub_resource type="ShaderMaterial" id="ShaderMaterial_3gxto"]
render_priority = 0
shader = ExtResource("4_vpk3l")
shader_parameter/vertex_color = null
shader_parameter/jitter = 0.5
shader_parameter/jitter_z_coordinate = true
shader_parameter/jitter_depth_independent = true
shader_parameter/affine_texture_mapping = true
shader_parameter/affine_texture_intensity = -2.0
shader_parameter/alpha_scissor = 1.0
shader_parameter/albedo_color = Color(1, 1, 1, 1)
shader_parameter/emission_color = Color(1, 1, 1, 1)
shader_parameter/texture_size = Vector2(1, 1)
shader_parameter/albedo = ExtResource("19_cukto")

[node name="intro" type="Node3D" node_paths=PackedStringArray("Animation")]
script = ExtResource("1_x8eer")
Animation = NodePath("AnimationPlayer")
NextScene = "cutscenes/002_camp_arrival"
metadata/uiMode = 0

[node name="WorldEnvironment" type="WorldEnvironment" parent="."]
environment = SubResource("Environment_mf2hf")

[node name="DirectionalLight3D" type="DirectionalLight3D" parent="."]
transform = Transform3D(0.371368, 0.743468, -0.556185, 0, 0.599024, 0.800731, 0.928486, -0.297366, 0.222458, 0, 0, 0)
light_color = Color(0.973963, 0.913969, 0.847604, 1)
light_energy = 0.65
shadow_enabled = true

[node name="AnimationPlayer" type="AnimationPlayer" parent="."]
libraries = {
"": SubResource("AnimationLibrary_rgc1v")
}

[node name="MovingGround" type="AnimationPlayer" parent="."]
libraries = {
"": SubResource("AnimationLibrary_h0fy0")
}

[node name="ScenarioPivot" type="Node3D" parent="MovingGround"]
transform = Transform3D(1, 0, 0, 0, 1, 0, 0, 0, 1, 0, 0, -200)

[node name="Scenario" type="MeshInstance3D" parent="MovingGround/ScenarioPivot"]
visible = false
mesh = SubResource("PlaneMesh_j6jht")
skeleton = NodePath("../..")

[node name="Cam1Moving" type="Camera3D" parent="MovingGround/ScenarioPivot"]
transform = Transform3D(0.418802, 0, -0.908077, 0, 1, 0, 0.908077, 0, 0.418802, -9.26461, 0.717, 33.2614)
current = true

[node name="Cam4Moving" type="Camera3D" parent="MovingGround/ScenarioPivot"]
transform = Transform3D(-0.994288, 0, -0.106732, 0, 1, 0, 0.106732, 0, -0.994288, -3.491, 0.717, 131.818)

[node name="treesRight" type="Node3D" parent="MovingGround/ScenarioPivot"]
visible = false

[node name="trees" type="Node3D" parent="MovingGround/ScenarioPivot/treesRight"]
transform = Transform3D(1, 0, 0, 0, 1, 0, 0, 0, 1, -50, 0, 200)

[node name="tree1" parent="MovingGround/ScenarioPivot/treesRight/trees" instance=ExtResource("20_cmv1y")]
transform = Transform3D(-0.728885, 0, -0.684636, 0, 1, 0, 0.684636, 0, -0.728885, 119.116, 0, 244.89)

[node name="tree2" parent="MovingGround/ScenarioPivot/treesRight/trees" instance=ExtResource("21_mmq22")]
transform = Transform3D(-0.728885, 0, -0.684636, 0, 1, 0, 0.684636, 0, -0.728885, 93.2742, 0, 215.451)

[node name="tree18" parent="MovingGround/ScenarioPivot/treesRight/trees" instance=ExtResource("21_mmq22")]
transform = Transform3D(-0.728885, 0, -0.684636, 0, 1, 0, 0.684636, 0, -0.728885, 149.237, 0, 155.784)

[node name="tree19" parent="MovingGround/ScenarioPivot/treesRight/trees" instance=ExtResource("21_mmq22")]
transform = Transform3D(-0.728885, 0, -0.684636, 0, 1, 0, 0.684636, 0, -0.728885, 167.891, 0, 83.032)

[node name="tree20" parent="MovingGround/ScenarioPivot/treesRight/trees" instance=ExtResource("21_mmq22")]
transform = Transform3D(-0.728885, 0, -0.684636, 0, 1, 0, 0.684636, 0, -0.728885, 113.794, 0, 211.747)

[node name="tree21" parent="MovingGround/ScenarioPivot/treesRight/trees" instance=ExtResource("21_mmq22")]
transform = Transform3D(-0.728885, 0, -0.684636, 0, 1, 0, 0.684636, 0, -0.728885, 141.775, 0, 272.373)

[node name="tree22" parent="MovingGround/ScenarioPivot/treesRight/trees" instance=ExtResource("21_mmq22")]
transform = Transform3D(-0.728885, 0, -0.684636, 0, 1, 0, 0.684636, 0, -0.728885, 145.506, 0, 167.883)

[node name="tree23" parent="MovingGround/ScenarioPivot/treesRight/trees" instance=ExtResource("21_mmq22")]
transform = Transform3D(-0.728885, 0, -0.684636, 0, 1, 0, 0.684636, 0, -0.728885, 143.641, 0, 264.265)

[node name="tree24" parent="MovingGround/ScenarioPivot/treesRight/trees" instance=ExtResource("21_mmq22")]
transform = Transform3D(-0.728885, 0, -0.684636, 0, 1, 0, 0.684636, 0, -0.728885, 217.325, 0, 82.0728)

[node name="tree25" parent="MovingGround/ScenarioPivot/treesRight/trees" instance=ExtResource("21_mmq22")]
transform = Transform3D(-0.728885, 0, -0.684636, 0, 1, 0, 0.684636, 0, -0.728885, 186.546, 0, 61.5531)

[node name="tree26" parent="MovingGround/ScenarioPivot/treesRight/trees" instance=ExtResource("21_mmq22")]
transform = Transform3D(-0.728885, 0, -0.684636, 0, 1, 0, 0.684636, 0, -0.728885, 221.989, 0, 210.167)

[node name="tree27" parent="MovingGround/ScenarioPivot/treesRight/trees" instance=ExtResource("21_mmq22")]
transform = Transform3D(-0.728885, 0, -0.684636, 0, 1, 0, 0.684636, 0, -0.728885, 186.546, 0, 135.55)

[node name="tree28" parent="MovingGround/ScenarioPivot/treesRight/trees" instance=ExtResource("21_mmq22")]
transform = Transform3D(-0.728885, 0, -0.684636, 0, 1, 0, 0.684636, 0, -0.728885, 230.383, 0, 105.703)

[node name="tree29" parent="MovingGround/ScenarioPivot/treesRight/trees" instance=ExtResource("21_mmq22")]
transform = Transform3D(-0.728885, 0, -0.684636, 0, 1, 0, 0.684636, 0, -0.728885, 177.219, 0, 294.085)

[node name="tree30" parent="MovingGround/ScenarioPivot/treesRight/trees" instance=ExtResource("21_mmq22")]
transform = Transform3D(-0.728885, 0, -0.684636, 0, 1, 0, 0.684636, 0, -0.728885, 223.219, 0, 194.085)

[node name="tree31" parent="MovingGround/ScenarioPivot/treesRight/trees" instance=ExtResource("21_mmq22")]
transform = Transform3D(-0.728885, 0, -0.684636, 0, 1, 0, 0.684636, 0, -0.728885, 193.372, 0, 116.67)

[node name="tree32" parent="MovingGround/ScenarioPivot/treesRight/trees" instance=ExtResource("21_mmq22")]
transform = Transform3D(-0.728885, 0, -0.684636, 0, 1, 0, 0.684636, 0, -0.728885, 275.372, 0, 265.67)

[node name="tree3" parent="MovingGround/ScenarioPivot/treesRight/trees" instance=ExtResource("22_ub1n4")]
transform = Transform3D(-0.728885, 0, -0.684636, 0, 1, 0, 0.684636, 0, -0.728885, 95.9509, 0, 231.676)

[node name="tree33" parent="MovingGround/ScenarioPivot/treesRight/trees" instance=ExtResource("22_ub1n4")]
transform = Transform3D(-0.728885, 0, -0.684636, 0, 1, 0, 0.684636, 0, -0.728885, 162.322, 0, 274.857)

[node name="tree34" parent="MovingGround/ScenarioPivot/treesRight/trees" instance=ExtResource("22_ub1n4")]
transform = Transform3D(-0.728885, 0, -0.684636, 0, 1, 0, 0.684636, 0, -0.728885, 159.923, 0, 211.685)

[node name="tree35" parent="MovingGround/ScenarioPivot/treesRight/trees" instance=ExtResource("22_ub1n4")]
transform = Transform3D(-0.728885, 0, -0.684636, 0, 1, 0, 0.684636, 0, -0.728885, 203.904, 0, 141.315)

[node name="tree36" parent="MovingGround/ScenarioPivot/treesRight/trees" instance=ExtResource("22_ub1n4")]
transform = Transform3D(-0.728885, 0, -0.684636, 0, 1, 0, 0.684636, 0, -0.728885, 197.904, 0, 129.98)

[node name="tree37" parent="MovingGround/ScenarioPivot/treesRight/trees" instance=ExtResource("22_ub1n4")]
transform = Transform3D(-0.728885, 0, -0.684636, 0, 1, 0, 0.684636, 0, -0.728885, 160.32, 0, 199.55)

[node name="tree38" parent="MovingGround/ScenarioPivot/treesRight/trees" instance=ExtResource("22_ub1n4")]
transform = Transform3D(-0.728885, 0, -0.684636, 0, 1, 0, 0.684636, 0, -0.728885, 213.897, 0, 259.524)

[node name="tree39" parent="MovingGround/ScenarioPivot/treesRight/trees" instance=ExtResource("22_ub1n4")]
transform = Transform3D(-0.728885, 0, -0.684636, 0, 1, 0, 0.684636, 0, -0.728885, 228.291, 0, 233.982)

[node name="tree40" parent="MovingGround/ScenarioPivot/treesRight/trees" instance=ExtResource("22_ub1n4")]
transform = Transform3D(-0.728885, 0, -0.684636, 0, 1, 0, 0.684636, 0, -0.728885, 230.69, 0, 274.35)

[node name="tree41" parent="MovingGround/ScenarioPivot/treesRight/trees" instance=ExtResource("22_ub1n4")]
transform = Transform3D(-0.728885, 0, -0.684636, 0, 1, 0, 0.684636, 0, -0.728885, 241.085, 0, 50.4477)

[node name="tree42" parent="MovingGround/ScenarioPivot/treesRight/trees" instance=ExtResource("22_ub1n4")]
transform = Transform3D(-0.728885, 0, -0.684636, 0, 1, 0, 0.684636, 0, -0.728885, 257.878, 0, 140.056)

[node name="tree43" parent="MovingGround/ScenarioPivot/treesRight/trees" instance=ExtResource("22_ub1n4")]
transform = Transform3D(-0.728885, 0, -0.684636, 0, 1, 0, 0.684636, 0, -0.728885, 293.063, 0, 211.226)

[node name="tree4" parent="MovingGround/ScenarioPivot/treesRight/trees" instance=ExtResource("23_y36gp")]
transform = Transform3D(-0.728885, 0, -0.684636, 0, 1, 0, 0.684636, 0, -0.728885, 97.8976, 0, 58.4648)

[node name="tree44" parent="MovingGround/ScenarioPivot/treesRight/trees" instance=ExtResource("23_y36gp")]
transform = Transform3D(-0.728885, 0, -0.684636, 0, 1, 0, 0.684636, 0, -0.728885, 206.65, 0, 194.406)

[node name="tree45" parent="MovingGround/ScenarioPivot/treesRight/trees" instance=ExtResource("23_y36gp")]
transform = Transform3D(-0.728885, 0, -0.684636, 0, 1, 0, 0.684636, 0, -0.728885, 163.469, 0, 111.242)

[node name="tree46" parent="MovingGround/ScenarioPivot/treesRight/trees" instance=ExtResource("23_y36gp")]
transform = Transform3D(-0.728885, 0, -0.684636, 0, 1, 0, 0.684636, 0, -0.728885, 239.436, 0, 121.685)

[node name="tree47" parent="MovingGround/ScenarioPivot/treesRight/trees" instance=ExtResource("23_y36gp")]
transform = Transform3D(-0.728885, 0, -0.684636, 0, 1, 0, 0.684636, 0, -0.728885, 208.25, 0, 303.592)

[node name="tree48" parent="MovingGround/ScenarioPivot/treesRight/trees" instance=ExtResource("23_y36gp")]
transform = Transform3D(-0.728885, 0, -0.684636, 0, 1, 0, 0.684636, 0, -0.728885, 200.253, 0, 244.417)

[node name="tree49" parent="MovingGround/ScenarioPivot/treesRight/trees" instance=ExtResource("23_y36gp")]
transform = Transform3D(-0.728885, 0, -0.684636, 0, 1, 0, 0.684636, 0, -0.728885, 211.448, 0, 166.851)

[node name="tree50" parent="MovingGround/ScenarioPivot/treesRight/trees" instance=ExtResource("23_y36gp")]
transform = Transform3D(-0.728885, 0, -0.684636, 0, 1, 0, 0.684636, 0, -0.728885, 233.839, 0, 237.268)

[node name="tree51" parent="MovingGround/ScenarioPivot/treesRight/trees" instance=ExtResource("23_y36gp")]
transform = Transform3D(-0.728885, 0, -0.684636, 0, 1, 0, 0.684636, 0, -0.728885, 249.832, 0, 167.698)

[node name="tree5" parent="MovingGround/ScenarioPivot/treesRight/trees" instance=ExtResource("20_cmv1y")]
transform = Transform3D(0.847937, 0, 0.530097, 0, 1, 0, -0.530097, 0, 0.847937, 78.3775, 0, 48.6538)

[node name="tree6" parent="MovingGround/ScenarioPivot/treesRight/trees" instance=ExtResource("21_mmq22")]
transform = Transform3D(0.847937, 0, 0.530097, 0, 1, 0, -0.530097, 0, 0.847937, 82.5615, 0, 41.1285)

[node name="tree7" parent="MovingGround/ScenarioPivot/treesRight/trees" instance=ExtResource("22_ub1n4")]
transform = Transform3D(0.847937, 0, 0.530097, 0, 1, 0, -0.530097, 0, 0.847937, 91.7187, 0, 285.805)

[node name="tree8" parent="MovingGround/ScenarioPivot/treesRight/trees" instance=ExtResource("23_y36gp")]
transform = Transform3D(0.847937, 0, 0.530097, 0, 1, 0, -0.530097, 0, 0.847937, 87.2129, 0, 271.525)

[node name="tree9" parent="MovingGround/ScenarioPivot/treesRight/trees" instance=ExtResource("20_cmv1y")]
transform = Transform3D(-0.992176, 0, 0.124848, 0, 1, 0, -0.124848, 0, -0.992176, 101.967, 0, 249.775)

[node name="tree10" parent="MovingGround/ScenarioPivot/treesRight/trees" instance=ExtResource("20_cmv1y")]
transform = Transform3D(0.637707, 0, -0.770279, 0, 1, 0, 0.770279, 0, 0.637707, 85.5776, 0, 177.565)

[node name="tree11" parent="MovingGround/ScenarioPivot/treesRight/trees" instance=ExtResource("20_cmv1y")]
transform = Transform3D(0.0625464, 0, 0.998042, 0, 1, 0, -0.998042, 0, 0.0625464, 97.7163, 0, 110.128)

[node name="tree12" parent="MovingGround/ScenarioPivot/treesRight/trees" instance=ExtResource("20_cmv1y")]
transform = Transform3D(0.0625464, 0, 0.998042, 0, 1, 0, -0.998042, 0, 0.0625464, 86.0616, 0, 102.461)

[node name="tree13" parent="MovingGround/ScenarioPivot/treesRight/trees" instance=ExtResource("20_cmv1y")]
transform = Transform3D(0.0625464, 0, 0.998042, 0, 1, 0, -0.998042, 0, 0.0625464, 143.65, 0, 322.17)

[node name="tree14" parent="MovingGround/ScenarioPivot/treesRight/trees" instance=ExtResource("20_cmv1y")]
transform = Transform3D(0.0625464, 0, 0.998042, 0, 1, 0, -0.998042, 0, 0.0625464, 176.557, 0, 186.426)

[node name="tree15" parent="MovingGround/ScenarioPivot/treesRight/trees" instance=ExtResource("20_cmv1y")]
transform = Transform3D(0.0625464, 0, 0.998042, 0, 1, 0, -0.998042, 0, 0.0625464, 128.567, 0, 102.101)

[node name="tree16" parent="MovingGround/ScenarioPivot/treesRight/trees" instance=ExtResource("20_cmv1y")]
transform = Transform3D(0.0625464, 0, 0.998042, 0, 1, 0, -0.998042, 0, 0.0625464, 164.902, 0, 245.946)

[node name="tree17" parent="MovingGround/ScenarioPivot/treesRight/trees" instance=ExtResource("20_cmv1y")]
transform = Transform3D(0.0625464, 0, 0.998042, 0, 1, 0, -0.998042, 0, 0.0625464, 134.737, 0, 128.713)

[node name="trees2" type="Node3D" parent="MovingGround/ScenarioPivot/treesRight"]
transform = Transform3D(1, 0, 0, 0, 1, 0, 0, 0, 1, -50, 0, 0)

[node name="tree1" parent="MovingGround/ScenarioPivot/treesRight/trees2" instance=ExtResource("20_cmv1y")]
transform = Transform3D(-0.728885, 0, -0.684636, 0, 1, 0, 0.684636, 0, -0.728885, 119.116, 0, 244.89)

[node name="tree2" parent="MovingGround/ScenarioPivot/treesRight/trees2" instance=ExtResource("21_mmq22")]
transform = Transform3D(-0.728885, 0, -0.684636, 0, 1, 0, 0.684636, 0, -0.728885, 93.2742, 0, 215.451)

[node name="tree18" parent="MovingGround/ScenarioPivot/treesRight/trees2" instance=ExtResource("21_mmq22")]
transform = Transform3D(-0.728885, 0, -0.684636, 0, 1, 0, 0.684636, 0, -0.728885, 149.237, 0, 155.784)

[node name="tree19" parent="MovingGround/ScenarioPivot/treesRight/trees2" instance=ExtResource("21_mmq22")]
transform = Transform3D(-0.728885, 0, -0.684636, 0, 1, 0, 0.684636, 0, -0.728885, 167.891, 0, 83.032)

[node name="tree20" parent="MovingGround/ScenarioPivot/treesRight/trees2" instance=ExtResource("21_mmq22")]
transform = Transform3D(-0.728885, 0, -0.684636, 0, 1, 0, 0.684636, 0, -0.728885, 113.794, 0, 211.747)

[node name="tree21" parent="MovingGround/ScenarioPivot/treesRight/trees2" instance=ExtResource("21_mmq22")]
transform = Transform3D(-0.728885, 0, -0.684636, 0, 1, 0, 0.684636, 0, -0.728885, 141.775, 0, 272.373)

[node name="tree22" parent="MovingGround/ScenarioPivot/treesRight/trees2" instance=ExtResource("21_mmq22")]
transform = Transform3D(-0.728885, 0, -0.684636, 0, 1, 0, 0.684636, 0, -0.728885, 145.506, 0, 167.883)

[node name="tree23" parent="MovingGround/ScenarioPivot/treesRight/trees2" instance=ExtResource("21_mmq22")]
transform = Transform3D(-0.728885, 0, -0.684636, 0, 1, 0, 0.684636, 0, -0.728885, 143.641, 0, 264.265)

[node name="tree24" parent="MovingGround/ScenarioPivot/treesRight/trees2" instance=ExtResource("21_mmq22")]
transform = Transform3D(-0.728885, 0, -0.684636, 0, 1, 0, 0.684636, 0, -0.728885, 217.325, 0, 82.0728)

[node name="tree25" parent="MovingGround/ScenarioPivot/treesRight/trees2" instance=ExtResource("21_mmq22")]
transform = Transform3D(-0.728885, 0, -0.684636, 0, 1, 0, 0.684636, 0, -0.728885, 186.546, 0, 61.5531)

[node name="tree26" parent="MovingGround/ScenarioPivot/treesRight/trees2" instance=ExtResource("21_mmq22")]
transform = Transform3D(-0.728885, 0, -0.684636, 0, 1, 0, 0.684636, 0, -0.728885, 221.989, 0, 210.167)

[node name="tree27" parent="MovingGround/ScenarioPivot/treesRight/trees2" instance=ExtResource("21_mmq22")]
transform = Transform3D(-0.728885, 0, -0.684636, 0, 1, 0, 0.684636, 0, -0.728885, 186.546, 0, 135.55)

[node name="tree28" parent="MovingGround/ScenarioPivot/treesRight/trees2" instance=ExtResource("21_mmq22")]
transform = Transform3D(-0.728885, 0, -0.684636, 0, 1, 0, 0.684636, 0, -0.728885, 230.383, 0, 105.703)

[node name="tree29" parent="MovingGround/ScenarioPivot/treesRight/trees2" instance=ExtResource("21_mmq22")]
transform = Transform3D(-0.728885, 0, -0.684636, 0, 1, 0, 0.684636, 0, -0.728885, 177.219, 0, 294.085)

[node name="tree30" parent="MovingGround/ScenarioPivot/treesRight/trees2" instance=ExtResource("21_mmq22")]
transform = Transform3D(-0.728885, 0, -0.684636, 0, 1, 0, 0.684636, 0, -0.728885, 223.219, 0, 194.085)

[node name="tree31" parent="MovingGround/ScenarioPivot/treesRight/trees2" instance=ExtResource("21_mmq22")]
transform = Transform3D(-0.728885, 0, -0.684636, 0, 1, 0, 0.684636, 0, -0.728885, 193.372, 0, 116.67)

[node name="tree32" parent="MovingGround/ScenarioPivot/treesRight/trees2" instance=ExtResource("21_mmq22")]
transform = Transform3D(-0.728885, 0, -0.684636, 0, 1, 0, 0.684636, 0, -0.728885, 275.372, 0, 265.67)

[node name="tree3" parent="MovingGround/ScenarioPivot/treesRight/trees2" instance=ExtResource("22_ub1n4")]
transform = Transform3D(-0.728885, 0, -0.684636, 0, 1, 0, 0.684636, 0, -0.728885, 95.9509, 0, 231.676)

[node name="tree33" parent="MovingGround/ScenarioPivot/treesRight/trees2" instance=ExtResource("22_ub1n4")]
transform = Transform3D(-0.728885, 0, -0.684636, 0, 1, 0, 0.684636, 0, -0.728885, 162.322, 0, 274.857)

[node name="tree34" parent="MovingGround/ScenarioPivot/treesRight/trees2" instance=ExtResource("22_ub1n4")]
transform = Transform3D(-0.728885, 0, -0.684636, 0, 1, 0, 0.684636, 0, -0.728885, 159.923, 0, 211.685)

[node name="tree35" parent="MovingGround/ScenarioPivot/treesRight/trees2" instance=ExtResource("22_ub1n4")]
transform = Transform3D(-0.728885, 0, -0.684636, 0, 1, 0, 0.684636, 0, -0.728885, 203.904, 0, 141.315)

[node name="tree36" parent="MovingGround/ScenarioPivot/treesRight/trees2" instance=ExtResource("22_ub1n4")]
transform = Transform3D(-0.728885, 0, -0.684636, 0, 1, 0, 0.684636, 0, -0.728885, 197.904, 0, 129.98)

[node name="tree37" parent="MovingGround/ScenarioPivot/treesRight/trees2" instance=ExtResource("22_ub1n4")]
transform = Transform3D(-0.728885, 0, -0.684636, 0, 1, 0, 0.684636, 0, -0.728885, 160.32, 0, 199.55)

[node name="tree38" parent="MovingGround/ScenarioPivot/treesRight/trees2" instance=ExtResource("22_ub1n4")]
transform = Transform3D(-0.728885, 0, -0.684636, 0, 1, 0, 0.684636, 0, -0.728885, 213.897, 0, 259.524)

[node name="tree39" parent="MovingGround/ScenarioPivot/treesRight/trees2" instance=ExtResource("22_ub1n4")]
transform = Transform3D(-0.728885, 0, -0.684636, 0, 1, 0, 0.684636, 0, -0.728885, 228.291, 0, 233.982)

[node name="tree40" parent="MovingGround/ScenarioPivot/treesRight/trees2" instance=ExtResource("22_ub1n4")]
transform = Transform3D(-0.728885, 0, -0.684636, 0, 1, 0, 0.684636, 0, -0.728885, 230.69, 0, 274.35)

[node name="tree41" parent="MovingGround/ScenarioPivot/treesRight/trees2" instance=ExtResource("22_ub1n4")]
transform = Transform3D(-0.728885, 0, -0.684636, 0, 1, 0, 0.684636, 0, -0.728885, 241.085, 0, 50.4477)

[node name="tree42" parent="MovingGround/ScenarioPivot/treesRight/trees2" instance=ExtResource("22_ub1n4")]
transform = Transform3D(-0.728885, 0, -0.684636, 0, 1, 0, 0.684636, 0, -0.728885, 257.878, 0, 140.056)

[node name="tree43" parent="MovingGround/ScenarioPivot/treesRight/trees2" instance=ExtResource("22_ub1n4")]
transform = Transform3D(-0.728885, 0, -0.684636, 0, 1, 0, 0.684636, 0, -0.728885, 293.063, 0, 211.226)

[node name="tree4" parent="MovingGround/ScenarioPivot/treesRight/trees2" instance=ExtResource("23_y36gp")]
transform = Transform3D(-0.728885, 0, -0.684636, 0, 1, 0, 0.684636, 0, -0.728885, 97.8976, 0, 58.4648)

[node name="tree44" parent="MovingGround/ScenarioPivot/treesRight/trees2" instance=ExtResource("23_y36gp")]
transform = Transform3D(-0.728885, 0, -0.684636, 0, 1, 0, 0.684636, 0, -0.728885, 206.65, 0, 194.406)

[node name="tree45" parent="MovingGround/ScenarioPivot/treesRight/trees2" instance=ExtResource("23_y36gp")]
transform = Transform3D(-0.728885, 0, -0.684636, 0, 1, 0, 0.684636, 0, -0.728885, 163.469, 0, 111.242)

[node name="tree46" parent="MovingGround/ScenarioPivot/treesRight/trees2" instance=ExtResource("23_y36gp")]
transform = Transform3D(-0.728885, 0, -0.684636, 0, 1, 0, 0.684636, 0, -0.728885, 239.436, 0, 121.685)

[node name="tree47" parent="MovingGround/ScenarioPivot/treesRight/trees2" instance=ExtResource("23_y36gp")]
transform = Transform3D(-0.728885, 0, -0.684636, 0, 1, 0, 0.684636, 0, -0.728885, 208.25, 0, 303.592)

[node name="tree48" parent="MovingGround/ScenarioPivot/treesRight/trees2" instance=ExtResource("23_y36gp")]
